20 15
0
0
0
0
0
0
0
0
0
0
0
0
0
0
0
0
0
0
0
0
0
29 21 22 23 24 25 26 27 41 42 43 44 45 46 47 61 62 63 64 65 66 67 85 86 87 106 107 108 109 110
30 21 22 23 24 25 26 27 41 42 43 44 45 46 47 61 62 63 64 65 66 67 85 86 87 105 106 107 108 109 126
37 21 22 23 24 25 26 27 41 42 43 44 45 46 47 61 62 63 64 65 66 67 85 86 87 105 106 107 108 109 125 126 146 166 186 207 227 247
50 21 22 23 24 25 26 27 41 42 43 44 45 46 47 61 62 63 64 65 66 67 85 86 87 105 106 107 108 109 125 126 145 146 165 166 185 186 187 205 206 207 225 226 227 245 246 247 265 266 267
59 21 22 23 24 25 26 27 41 42 43 44 45 46 47 61 62 63 64 65 66 67 85 86 87 104 105 106 107 108 124 125 126 144 145 146 163 164 165 166 183 184 185 186 187 205 206 207 224 225 226 227 244 245 246 247 264 265 266 267
64 21 22 23 24 25 26 27 41 42 43 44 45 46 47 61 62 63 64 65 66 67 85 86 87 104 105 106 107 108 123 124 125 126 143 144 145 146 162 163 164 165 166 181 182 183 184 185 186 187 205 206 207 224 225 226 227 244 245 246 247 264 265 266 267
59 21 22 23 24 25 26 27 41 42 43 44 45 46 47 61 62 63 64 65 66 67 85 86 87 104 105 106 107 108 123 124 125 126 143 144 145 146 162 163 164 165 166 181 182 183 184 185 186 205 206 224 225 226 244 245 246 264 265 266
0
12 29 30 49 50 69 70 89 90 108 109 110 111
12 29 30 49 50 69 70 89 90 108 109 110 111
0
59 32 33 34 35 36 37 38 52 53 54 55 56 57 58 72 73 74 75 76 77 78 92 93 94 111 112 113 114 115 133 134 135 136 153 154 155 156 173 174 175 176 177 193 194 195 196 197 198 213 214 233 234 235 253 254 255 273 274 275
64 32 33 34 35 36 37 38 52 53 54 55 56 57 58 72 73 74 75 76 77 78 92 93 94 111 112 113 114 115 133 134 135 136 153 154 155 156 173 174 175 176 177 192 193 194 195 196 197 198 212 213 214 232 233 234 235 252 253 254 255 272 273 274 275
59 32 33 34 35 36 37 38 52 53 54 55 56 57 58 72 73 74 75 76 77 78 92 93 94 111 112 113 114 115 133 134 135 153 154 155 173 174 175 176 192 193 194 195 196 212 213 214 232 233 234 235 252 253 254 255 272 273 274 275
50 32 33 34 35 36 37 38 52 53 54 55 56 57 58 72 73 74 75 76 77 78 92 93 94 110 111 112 113 114 133 134 153 154 173 174 192 193 194 212 213 214 232 233 234 252 253 254 272 273 274
37 32 33 34 35 36 37 38 52 53 54 55 56 57 58 72 73 74 75 76 77 78 92 93 94 110 111 112 113 114 133 134 153 173 193 212 232 252
30 32 33 34 35 36 37 38 52 53 54 55 56 57 58 72 73 74 75 76 77 78 92 93 94 110 111 112 113 114 133
29 32 33 34 35 36 37 38 52 53 54 55 56 57 58 72 73 74 75 76 77 78 92 93 94 109 110 111 112 113
0
0
29 21 22 23 24 25 26 27 41 42 43 44 45 46 47 61 62 63 64 65 66 67 85 86 87 106 107 108 109 110
29 21 22 23 24 25 26 27 41 42 43 44 45 46 47 61 62 63 64 65 66 67 85 86 87 106 107 108 109 110
32 21 22 23 24 25 26 27 41 42 43 44 45 46 47 61 62 63 64 65 66 67 85 86 87 105 106 107 108 109 110 126 146
50 21 22 23 24 25 26 27 41 42 43 44 45 46 47 61 62 63 64 65 66 67 85 86 87 105 106 107 108 109 125 126 145 146 165 166 185 186 187 205 206 207 225 226 227 245 246 247 265 266 267
62 21 22 23 24 25 26 27 41 42 43 44 45 46 47 61 62 63 64 65 66 67 85 86 87 104 105 106 107 108 109 124 125 126 143 144 145 146 163 164 165 166 182 183 184 185 186 187 205 206 207 224 225 226 227 244 245 246 247 264 265 266 267
64 21 22 23 24 25 26 27 41 42 43 44 45 46 47 61 62 63 64 65 66 67 85 86 87 104 105 106 107 108 123 124 125 126 143 144 145 146 162 163 164 165 166 181 182 183 184 185 186 187 205 206 207 224 225 226 227 244 245 246 247 264 265 266 267
62 21 22 23 24 25 26 27 41 42 43 44 45 46 47 61 62 63 64 65 66 67 85 86 87 103 104 105 106 107 108 122 123 124 125 126 143 144 145 146 162 163 164 165 166 181 182 183 184 185 186 205 206 224 225 226 244 245 246 263 264 265 266
0
12 29 30 49 50 69 70 89 90 108 109 110 111
12 29 30 49 50 69 70 89 90 108 109 110 111
0
62 32 33 34 35 36 37 38 52 53 54 55 56 57 58 72 73 74 75 76 77 78 92 93 94 111 112 113 114 115 116 133 134 135 136 137 153 154 155 156 173 174 175 176 177 193 194 195 196 197 198 213 214 233 234 235 253 254 255 273 274 275 276
64 32 33 34 35 36 37 38 52 53 54 55 56 57 58 72 73 74 75 76 77 78 92 93 94 111 112 113 114 115 133 134 135 136 153 154 155 156 173 174 175 176 177 192 193 194 195 196 197 198 212 213 214 232 233 234 235 252 253 254 255 272 273 274 275
62 32 33 34 35 36 37 38 52 53 54 55 56 57 58 72 73 74 75 76 77 78 92 93 94 110 111 112 113 114 115 133 134 135 153 154 155 156 173 174 175 176 192 193 194 195 196 197 212 213 214 232 233 234 235 252 253 254 255 272 273 274 275
50 32 33 34 35 36 37 38 52 53 54 55 56 57 58 72 73 74 75 76 77 78 92 93 94 110 111 112 113 114 133 134 153 154 173 174 192 193 194 212 213 214 232 233 234 252 253 254 272 273 274
32 32 33 34 35 36 37 38 52 53 54 55 56 57 58 72 73 74 75 76 77 78 92 93 94 109 110 111 112 113 114 133 153
29 32 33 34 35 36 37 38 52 53 54 55 56 57 58 72 73 74 75 76 77 78 92 93 94 109 110 111 112 113
29 32 33 34 35 36 37 38 52 53 54 55 56 57 58 72 73 74 75 76 77 78 92 93 94 109 110 111 112 113
0
0
24 21 22 23 24 25 26 27 41 42 43 44 45 46 47 61 62 63 64 65 66 67 85 86 87
28 21 22 23 24 25 26 27 41 42 43 44 45 46 47 61 62 63 64 65 66 67 85 86 87 107 108 109 110
29 21 22 23 24 25 26 27 41 42 43 44 45 46 47 61 62 63 64 65 66 67 85 86 87 106 107 108 109 110
51 21 22 23 24 25 26 27 41 42 43 44 45 46 47 61 62 63 64 65 66 67 85 86 87 105 106 107 108 109 110 125 126 145 146 165 166 185 186 187 205 206 207 225 226 227 245 246 247 265 266 267
66 21 22 23 24 25 26 27 41 42 43 44 45 46 47 61 62 63 64 65 66 67 85 86 87 104 105 106 107 108 109 110 123 124 125 126 143 144 145 146 162 163 164 165 166 181 182 183 184 185 186 187 205 206 207 224 225 226 227 244 245 246 247 264 265 266 267
68 21 22 23 24 25 26 27 41 42 43 44 45 46 47 61 62 63 64 65 66 67 85 86 87 103 104 105 106 107 108 109 121 122 123 124 125 126 143 144 145 146 162 163 164 165 166 181 182 183 184 185 186 187 205 206 207 224 225 226 227 244 245 246 247 264 265 266 267
65 21 22 23 24 25 26 27 41 42 43 44 45 46 47 61 62 63 64 65 66 67 85 86 87 102 103 104 105 106 107 108 121 122 123 124 125 126 143 144 145 146 161 162 163 164 165 166 181 182 183 184 185 186 205 206 224 225 226 244 245 246 263 264 265 266
0
13 29 30 49 50 69 70 89 90 108 109 110 111 112
13 29 30 49 50 69 70 89 90 107 108 109 110 111
0
65 32 33 34 35 36 37 38 52 53 54 55 56 57 58 72 73 74 75 76 77 78 92 93 94 111 112 113 114 115 116 117 133 134 135 136 137 138 153 154 155 156 173 174 175 176 177 178 193 194 195 196 197 198 213 214 233 234 235 253 254 255 273 274 275 276
68 32 33 34 35 36 37 38 52 53 54 55 56 57 58 72 73 74 75 76 77 78 92 93 94 110 111 112 113 114 115 116 133 134 135 136 137 138 153 154 155 156 173 174 175 176 177 192 193 194 195 196 197 198 212 213 214 232 233 234 235 252 253 254 255 272 273 274 275
66 32 33 34 35 36 37 38 52 53 54 55 56 57 58 72 73 74 75 76 77 78 92 93 94 109 110 111 112 113 114 115 133 134 135 136 153 154 155 156 173 174 175 176 177 192 193 194 195 196 197 198 212 213 214 232 233 234 235 252 253 254 255 272 273 274 275
51 32 33 34 35 36 37 38 52 53 54 55 56 57 58 72 73 74 75 76 77 78 92 93 94 109 110 111 112 113 114 133 134 153 154 173 174 192 193 194 212 213 214 232 233 234 252 253 254 272 273 274
29 32 33 34 35 36 37 38 52 53 54 55 56 57 58 72 73 74 75 76 77 78 92 93 94 109 110 111 112 113
28 32 33 34 35 36 37 38 52 53 54 55 56 57 58 72 73 74 75 76 77 78 92 93 94 109 110 111 112
24 32 33 34 35 36 37 38 52 53 54 55 56 57 58 72 73 74 75 76 77 78 92 93 94
0
0
0
0
0
0
85 21 22 23 24 25 26 27 41 42 43 44 45 46 47 61 62 63 64 65 66 67 85 86 87 101 102 103 104 105 106 107 108 109 110 111 112 113 114 115 116 117 118 121 122 123 124 125 126 133 134 135 136 137 138 143 144 145 146 162 163 164 165 166 181 182 183 184 185 186 187 205 206 207 224 225 226 227 244 245 246 247 264 265 266 267
86 21 22 23 24 25 26 27 41 42 43 44 45 46 47 61 62 63 64 65 66 67 85 86 87 101 102 103 104 105 106 107 108 109 110 111 112 113 114 115 116 117 118 121 122 123 124 125 126 133 134 135 136 137 138 143 144 145 146 161 162 163 164 165 166 181 182 183 184 185 186 187 205 206 207 224 225 226 227 244 245 246 247 264 265 266 267
82 21 22 23 24 25 26 27 41 42 43 44 45 46 47 61 62 63 64 65 66 67 85 86 87 101 102 103 104 105 106 107 108 109 110 111 112 113 114 115 116 117 118 121 122 123 124 125 126 133 134 135 136 137 138 143 144 145 146 161 162 163 164 165 166 181 182 183 184 185 186 205 206 224 225 226 244 245 246 263 264 265 266
0
41 29 30 49 50 69 70 89 90 101 102 103 104 105 106 107 108 109 110 111 112 113 114 115 116 117 118 121 122 123 124 125 126 133 134 135 136 137 138 143 155 156
41 29 30 49 50 69 70 89 90 101 102 103 104 105 106 107 108 109 110 111 112 113 114 115 116 117 118 121 122 123 124 125 126 133 134 135 136 137 138 143 144 156
0
82 32 33 34 35 36 37 38 52 53 54 55 56 57 58 72 73 74 75 76 77 78 92 93 94 101 102 103 104 105 106 107 108 109 110 111 112 113 114 115 116 117 118 121 122 123 124 125 126 133 134 135 136 137 138 153 154 155 156 173 174 175 176 177 178 193 194 195 196 197 198 213 214 233 234 235 253 254 255 273 274 275 276
86 32 33 34 35 36 37 38 52 53 54 55 56 57 58 72 73 74 75 76 77 78 92 93 94 101 102 103 104 105 106 107 108 109 110 111 112 113 114 115 116 117 118 121 122 123 124 125 126 133 134 135 136 137 138 153 154 155 156 173 174 175 176 177 178 192 193 194 195 196 197 198 212 213 214 232 233 234 235 252 253 254 255 272 273 274 275
85 32 33 34 35 36 37 38 52 53 54 55 56 57 58 72 73 74 75 76 77 78 92 93 94 101 102 103 104 105 106 107 108 109 110 111 112 113 114 115 116 117 118 121 122 123 124 125 126 133 134 135 136 137 138 153 154 155 156 173 174 175 176 177 192 193 194 195 196 197 198 212 213 214 232 233 234 235 252 253 254 255 272 273 274 275
0
0
0
0
0
0
61 85 86 87 89 90 92 93 94 101 102 103 104 105 106 107 108 109 110 111 112 113 114 115 116 117 118 121 122 123 124 125 126 133 134 135 136 137 138 143 144 145 146 163 164 165 166 184 185 186 187 188 205 206 207 225 226 227 246 247 266 267
64 67 85 86 87 89 90 92 93 94 101 102 103 104 105 106 107 108 109 110 111 112 113 114 115 116 117 118 121 122 123 124 125 126 133 134 135 136 137 138 143 144 145 146 163 164 165 166 183 184 185 186 187 188 205 206 207 225 226 227 245 246 247 266 267
69 47 66 67 85 86 87 89 90 92 93 94 101 102 103 104 105 106 107 108 109 110 111 112 113 114 115 116 117 118 121 122 123 124 125 126 133 134 135 136 137 138 143 144 145 146 162 163 164 165 166 182 183 184 185 186 187 188 205 206 207 225 226 227 245 246 247 265 266 267
75 25 26 27 45 46 47 65 66 67 85 86 87 89 90 92 93 94 101 102 103 104 105 106 107 108 109 110 111 112 113 114 115 116 117 118 121 122 123 124 125 126 133 134 135 136 137 138 143 144 145 146 162 163 164 165 166 181 182 183 184 185 186 187 205 206 207 225 226 227 245 246 247 265 266 267
85 22 23 24 25 26 27 43 44 45 46 47 64 65 66 67 85 86 87 89 90 92 93 94 101 102 103 104 105 106 107 108 109 110 111 112 113 114 115 116 117 118 121 122 123 124 125 126 133 134 135 136 137 138 143 144 145 146 161 162 163 164 165 166 181 182 183 184 185 186 187 205 206 207 224 225 226 227 244 245 246 247 264 265 266 267
90 21 22 23 24 25 26 27 41 42 43 44 45 46 47 63 64 65 66 67 85 86 87 89 90 92 93 94 101 102 103 104 105 106 107 108 109 110 111 112 113 114 115 116 117 118 121 122 123 124 125 126 133 134 135 136 137 138 143 144 145 146 161 162 163 164 165 166 181 182 183 184 185 186 187 205 206 207 224 225 226 227 244 245 246 247 263 264 265 266 267
86 21 22 23 24 25 26 27 41 42 43 44 45 46 47 62 63 64 65 66 67 70 85 86 87 89 90 92 93 94 101 102 103 104 105 106 107 108 109 110 111 112 113 114 115 116 117 118 121 122 123 124 125 126 133 134 135 136 137 138 143 144 145 146 161 162 163 164 165 166 181 182 183 184 185 186 205 206 224 225 226 244 245 246 264 265 266
74 21 22 23 24 25 26 27 29 30 41 42 43 44 45 46 47 49 50 62 63 64 65 66 67 69 70 85 86 87 89 90 92 93 94 101 102 103 104 105 106 107 108 109 110 111 112 113 114 115 116 117 118 121 122 123 124 125 126 133 134 135 136 137 138 143 144 145 161 162 163 164 181 182 183
69 21 22 23 24 29 30 38 41 42 43 44 45 49 50 56 57 58 62 63 64 65 66 69 70 74 75 76 77 85 86 87 89 90 92 93 94 101 102 103 104 105 106 107 108 109 110 111 112 113 114 115 116 117 118 121 122 123 124 125 126 133 134 135 136 137 138 143 144 156
69 21 29 30 35 36 37 38 41 42 43 49 50 54 55 56 57 58 62 63 64 65 69 70 73 74 75 76 77 85 86 87 89 90 92 93 94 101 102 103 104 105 106 107 108 109 110 111 112 113 114 115 116 117 118 121 122 123 124 125 126 133 134 135 136 137 138 143 155 156
74 29 30 32 33 34 35 36 37 38 49 50 52 53 54 55 56 57 58 69 70 72 73 74 75 76 77 85 86 87 89 90 92 93 94 101 102 103 104 105 106 107 108 109 110 111 112 113 114 115 116 117 118 121 122 123 124 125 126 133 134 135 136 137 138 154 155 156 175 176 177 178 196 197 198
86 32 33 34 35 36 37 38 52 53 54 55 56 57 58 69 72 73 74 75 76 77 85 86 87 89 90 92 93 94 101 102 103 104 105 106 107 108 109 110 111 112 113 114 115 116 117 118 121 122 123 124 125 126 133 134 135 136 137 138 153 154 155 156 173 174 175 176 177 178 193 194 195 196 197 198 213 214 233 234 235 253 254 255 273 274 275
90 32 33 34 35 36 37 38 52 53 54 55 56 57 58 72 73 74 75 76 85 86 87 89 90 92 93 94 101 102 103 104 105 106 107 108 109 110 111 112 113 114 115 116 117 118 121 122 123 124 125 126 133 134 135 136 137 138 153 154 155 156 173 174 175 176 177 178 192 193 194 195 196 197 198 212 213 214 232 233 234 235 252 253 254 255 272 273 274 275 276
85 32 33 34 35 36 37 52 53 54 55 56 72 73 74 75 85 86 87 89 90 92 93 94 101 102 103 104 105 106 107 108 109 110 111 112 113 114 115 116 117 118 121 122 123 124 125 126 133 134 135 136 137 138 153 154 155 156 173 174 175 176 177 178 192 193 194 195 196 197 198 212 213 214 232 233 234 235 252 253 254 255 272 273 274 275
75 32 33 34 52 53 54 72 73 74 85 86 87 89 90 92 93 94 101 102 103 104 105 106 107 108 109 110 111 112 113 114 115 116 117 118 121 122 123 124 125 126 133 134 135 136 137 138 153 154 155 156 173 174 175 176 177 192 193 194 195 196 197 198 212 213 214 232 233 234 252 253 254 272 273 274
69 52 72 73 85 86 87 89 90 92 93 94 101 102 103 104 105 106 107 108 109 110 111 112 113 114 115 116 117 118 121 122 123 124 125 126 133 134 135 136 137 138 153 154 155 156 173 174 175 176 177 191 192 193 194 195 196 197 212 213 214 232 233 234 252 253 254 272 273 274
64 72 85 86 87 89 90 92 93 94 101 102 103 104 105 106 107 108 109 110 111 112 113 114 115 116 117 118 121 122 123 124 125 126 133 134 135 136 137 138 153 154 155 156 173 174 175 176 191 192 193 194 195 196 212 213 214 232 233 234 252 253 254 272 273
61 85 86 87 89 90 92 93 94 101 102 103 104 105 106 107 108 109 110 111 112 113 114 115 116 117 118 121 122 123 124 125 126 133 134 135 136 137 138 153 154 155 156 173 174 175 176 191 192 193 194 195 212 213 214 232 233 234 252 253 272 273
0
0
48 66 67 85 86 87 89 90 92 93 94 101 102 103 104 105 106 107 108 109 110 111 112 113 114 115 116 117 118 121 122 123 124 125 126 143 144 145 146 164 165 166 185 186 187 188 206 207 227
59 47 66 67 85 86 87 89 90 92 93 94 101 102 103 104 105 106 107 108 109 110 111 112 113 114 115 116 117 118 121 122 123 124 125 126 143 144 145 146 163 164 165 166 183 184 185 186 187 188 205 206 207 225 226 227 246 247 266 267
68 26 27 46 47 65 66 67 85 86 87 89 90 92 93 94 101 102 103 104 105 106 107 108 109 110 111 112 113 114 115 116 117 118 121 122 123 124 125 126 143 144 145 146 162 163 164 165 166 181 182 183 184 185 186 187 188 205 206 207 225 226 227 245 246 247 265 266 267
71 25 26 27 45 46 47 65 66 67 85 86 87 89 90 92 93 94 101 102 103 104 105 106 107 108 109 110 111 112 113 114 115 116 117 118 121 122 123 124 125 126 143 144 145 146 161 162 163 164 165 166 181 182 183 184 185 186 187 188 205 206 207 225 226 227 245 246 247 265 266 267
77 23 24 25 26 27 44 45 46 47 64 65 66 67 85 86 87 89 90 92 93 94 101 102 103 104 105 106 107 108 109 110 111 112 113 114 115 116 117 118 121 122 123 124 125 126 143 144 145 146 161 162 163 164 165 166 181 182 183 184 185 186 187 205 206 207 224 225 226 227 244 245 246 247 264 265 266 267
80 22 23 24 25 26 27 43 44 45 46 47 64 65 66 67 85 86 87 89 90 92 93 94 101 102 103 104 105 106 107 108 109 110 111 112 113 114 115 116 117 118 121 122 123 124 125 126 143 144 145 146 161 162 163 164 165 166 181 182 183 184 185 186 187 205 206 207 224 225 226 227 244 245 246 247 263 264 265 266 267
0
0
0
0
0
0
80 32 33 34 35 36 37 52 53 54 55 56 72 73 74 75 85 86 87 89 90 92 93 94 101 102 103 104 105 106 107 108 109 110 111 112 113 114 115 116 117 118 133 134 135 136 137 138 153 154 155 156 173 174 175 176 177 178 192 193 194 195 196 197 198 212 213 214 232 233 234 235 252 253 254 255 272 273 274 275 276
77 32 33 34 35 36 52 53 54 55 72 73 74 75 85 86 87 89 90 92 93 94 101 102 103 104 105 106 107 108 109 110 111 112 113 114 115 116 117 118 133 134 135 136 137 138 153 154 155 156 173 174 175 176 177 178 192 193 194 195 196 197 198 212 213 214 232 233 234 235 252 253 254 255 272 273 274 275
71 32 33 34 52 53 54 72 73 74 85 86 87 89 90 92 93 94 101 102 103 104 105 106 107 108 109 110 111 112 113 114 115 116 117 118 133 134 135 136 137 138 153 154 155 156 173 174 175 176 177 178 191 192 193 194 195 196 197 198 212 213 214 232 233 234 252 253 254 272 273 274
68 32 33 52 53 72 73 74 85 86 87 89 90 92 93 94 101 102 103 104 105 106 107 108 109 110 111 112 113 114 115 116 117 118 133 134 135 136 137 138 153 154 155 156 173 174 175 176 177 191 192 193 194 195 196 197 198 212 213 214 232 233 234 252 253 254 272 273 274
59 52 72 73 85 86 87 89 90 92 93 94 101 102 103 104 105 106 107 108 109 110 111 112 113 114 115 116 117 118 133 134 135 136 137 138 153 154 155 156 173 174 175 176 191 192 193 194 195 196 212 213 214 232 233 234 252 253 272 273
48 72 73 85 86 87 89 90 92 93 94 101 102 103 104 105 106 107 108 109 110 111 112 113 114 115 116 117 118 133 134 135 136 137 138 153 154 155 156 173 174 175 191 192 193 194 212 213 232
0
0
0
0
62 26 27 45 46 47 65 66 67 85 86 87 89 90 101 102 103 104 105 106 107 108 109 110 121 122 123 124 125 126 143 144 145 146 161 162 163 164 165 166 181 182 183 184 185 186 187 188 189 190 205 206 207 209 210 225 226 227 245 246 247 266 267
60 25 26 27 45 46 47 65 66 67 85 86 87 90 101 102 103 104 105 106 107 108 109 121 122 123 124 125 126 143 144 145 146 161 162 163 164 165 166 181 182 183 184 185 186 187 188 189 205 206 207 210 225 226 227 245 246 247 265 266 267
62 24 25 26 27 44 45 46 47 64 65 66 67 85 86 87 101 102 103 104 105 106 107 108 121 122 123 124 125 126 143 144 145 146 161 162 163 164 165 166 181 182 183 184 185 186 187 188 205 206 207 224 225 226 227 244 245 246 247 264 265 266 267
64 23 24 25 26 27 43 44 45 46 47 64 65 66 67 85 86 87 101 102 103 104 105 106 107 121 122 123 124 125 126 143 144 145 146 161 162 163 164 165 166 181 182 183 184 185 186 187 205 206 207 224 225 226 227 243 244 245 246 247 263 264 265 266 267
0
0
0
0
0
0
64 32 33 34 35 36 52 53 54 55 56 72 73 74 75 92 93 94 112 113 114 115 116 117 118 133 134 135 136 137 138 153 154 155 156 173 174 175 176 177 178 192 193 194 195 196 197 198 212 213 214 232 233 234 235 252 253 254 255 256 272 273 274 275 276
62 32 33 34 35 52 53 54 55 72 73 74 75 92 93 94 111 112 113 114 115 116 117 118 133 134 135 136 137 138 153 154 155 156 173 174 175 176 177 178 191 192 193 194 195 196 197 198 212 213 214 232 233 234 235 252 253 254 255 272 273 274 275
60 32 33 34 52 53 54 72 73 74 89 92 93 94 110 111 112 113 114 115 116 117 118 133 134 135 136 137 138 153 154 155 156 173 174 175 176 177 178 190 191 192 193 194 195 196 197 198 209 212 213 214 232 233 234 252 253 254 272 273 274
62 32 33 52 53 54 72 73 74 89 90 92 93 94 109 110 111 112 113 114 115 116 117 118 133 134 135 136 137 138 153 154 155 156 173 174 175 176 177 178 189 190 191 192 193 194 195 196 197 198 209 210 212 213 214 232 233 234 252 253 254 272 273
0
0
0
0
48 67 86 87 105 106 107 108 124 125 126 143 144 145 146 161 162 163 164 165 166 181 182 183 184 185 186 187 188 189 190 191 192 193 194 195 196 197 198 205 206 207 209 210 212 213 214 226 227
59 26 27 46 47 65 66 67 85 86 87 103 104 105 106 107 108 123 124 125 126 143 144 145 146 161 162 163 164 165 166 181 182 183 184 185 186 187 188 189 190 191 192 193 194 195 196 197 198 205 206 207 209 210 212 213 214 226 227 247
68 25 26 27 45 46 47 65 66 67 85 86 87 101 102 103 104 105 106 107 108 122 123 124 125 126 143 144 145 146 161 162 163 164 165 166 181 182 183 184 185 186 187 188 189 190 191 192 193 194 195 196 197 198 205 206 207 209 210 212 213 214 225 226 227 246 247 266 267
71 25 26 27 45 46 47 65 66 67 85 86 87 101 102 103 104 105 106 107 108 121 122 123 124 125 126 143 144 145 146 161 162 163 164 165 166 181 182 183 184 185 186 187 188 189 190 191 192 193 194 195 196 197 198 205 206 207 209 210 212 213 214 225 226 227 245 246 247 265 266 267
77 24 25 26 27 44 45 46 47 64 65 66 67 85 86 87 101 102 103 104 105 106 107 121 122 123 124 125 126 143 144 145 146 161 162 163 164 165 166 181 182 183 184 185 186 187 188 189 190 191 192 193 194 195 196 197 198 205 206 207 209 210 212 213 214 224 225 226 227 244 245 246 247 263 264 265 266 267
80 23 24 25 26 27 44 45 46 47 64 65 66 67 85 86 87 101 102 103 104 105 106 107 121 122 123 124 125 126 143 144 145 146 161 162 163 164 165 166 181 182 183 184 185 186 187 188 189 190 191 192 193 194 195 196 197 198 205 206 207 209 210 212 213 214 224 225 226 227 243 244 245 246 247 262 263 264 265 266 267
0
0
0
0
0
0
80 32 33 34 35 36 52 53 54 55 72 73 74 75 92 93 94 112 113 114 115 116 117 118 133 134 135 136 137 138 153 154 155 156 173 174 175 176 177 178 181 182 183 184 185 186 187 188 189 190 191 192 193 194 195 196 197 198 205 206 207 209 210 212 213 214 232 233 234 235 252 253 254 255 256 272 273 274 275 276 277
77 32 33 34 35 52 53 54 55 72 73 74 75 92 93 94 112 113 114 115 116 117 118 133 134 135 136 137 138 153 154 155 156 173 174 175 176 177 178 181 182 183 184 185 186 187 188 189 190 191 192 193 194 195 196 197 198 205 206 207 209 210 212 213 214 232 233 234 235 252 253 254 255 272 273 274 275 276
71 32 33 34 52 53 54 72 73 74 92 93 94 111 112 113 114 115 116 117 118 133 134 135 136 137 138 153 154 155 156 173 174 175 176 177 178 181 182 183 184 185 186 187 188 189 190 191 192 193 194 195 196 197 198 205 206 207 209 210 212 213 214 232 233 234 252 253 254 272 273 274
68 32 33 34 52 53 54 72 73 74 92 93 94 111 112 113 114 115 116 117 118 133 134 135 136 137 153 154 155 156 173 174 175 176 177 178 181 182 183 184 185 186 187 188 189 190 191 192 193 194 195 196 197 198 205 206 207 209 210 212 213 214 232 233 234 252 253 272 273
59 32 33 52 53 72 73 74 92 93 94 111 112 113 114 115 116 133 134 135 136 153 154 155 156 173 174 175 176 177 178 181 182 183 184 185 186 187 188 189 190 191 192 193 194 195 196 197 198 205 206 207 209 210 212 213 214 232 233 252
48 72 92 93 111 112 113 114 133 134 135 153 154 155 156 173 174 175 176 177 178 181 182 183 184 185 186 187 188 189 190 191 192 193 194 195 196 197 198 205 206 207 209 210 212 213 214 232 233
0
0
61 26 27 46 47 65 66 67 85 86 87 104 105 106 107 108 123 124 125 126 143 144 145 146 161 162 163 164 165 166 173 174 175 176 177 178 181 182 183 184 185 186 187 188 189 190 191 192 193 194 195 196 197 198 205 206 207 209 210 212 213 214
64 26 27 45 46 47 65 66 67 85 86 87 103 104 105 106 107 108 123 124 125 126 143 144 145 146 161 162 163 164 165 166 173 174 175 176 177 178 181 182 183 184 185 186 187 188 189 190 191 192 193 194 195 196 197 198 205 206 207 209 210 212 213 214 227
69 25 26 27 45 46 47 65 66 67 85 86 87 102 103 104 105 106 107 108 122 123 124 125 126 143 144 145 146 161 162 163 164 165 166 173 174 175 176 177 178 181 182 183 184 185 186 187 188 189 190 191 192 193 194 195 196 197 198 205 206 207 209 210 212 213 214 226 227 247
75 25 26 27 45 46 47 65 66 67 85 86 87 101 102 103 104 105 106 107 122 123 124 125 126 143 144 145 146 161 162 163 164 165 166 173 174 175 176 177 178 181 182 183 184 185 186 187 188 189 190 191 192 193 194 195 196 197 198 205 206 207 209 210 212 213 214 225 226 227 245 246 247 265 266 267
85 24 25 26 27 44 45 46 47 64 65 66 67 85 86 87 101 102 103 104 105 106 107 121 122 123 124 125 126 143 144 145 146 161 162 163 164 165 166 173 174 175 176 177 178 181 182 183 184 185 186 187 188 189 190 191 192 193 194 195 196 197 198 205 206 207 209 210 212 213 214 224 225 226 227 243 244 245 246 247 262 263 264 265 266 267
90 23 24 25 26 27 44 45 46 47 64 65 66 67 85 86 87 101 102 103 104 105 106 107 121 122 123 124 125 126 143 144 145 146 161 162 163 164 165 166 173 174 175 176 177 178 181 182 183 184 185 186 187 188 189 190 191 192 193 194 195 196 197 198 205 206 207 209 210 212 213 214 223 224 225 226 227 241 242 243 244 245 246 247 261 262 263 264 265 266 267
86 24 25 26 44 45 46 64 65 66 85 86 101 102 103 104 105 106 121 122 123 124 125 126 143 144 145 146 161 162 163 164 165 166 173 174 175 176 177 178 181 182 183 184 185 186 187 188 189 190 191 192 193 194 195 196 197 198 205 206 207 209 210 212 213 214 222 223 224 225 226 227 230 241 242 243 244 245 246 247 261 262 263 264 265 266 267
74 101 102 103 121 122 123 124 143 144 145 161 162 163 164 165 166 173 174 175 176 177 178 181 182 183 184 185 186 187 188 189 190 191 192 193 194 195 196 197 198 205 206 207 209 210 212 213 214 222 223 224 225 226 227 229 230 241 242 243 244 245 246 247 249 250 261 262 263 264 265 266 267 269 270
69 143 144 156 161 162 163 164 165 166 173 174 175 176 177 178 181 182 183 184 185 186 187 188 189 190 191 192 193 194 195 196 197 198 205 206 207 209 210 212 213 214 222 223 224 225 226 229 230 234 235 236 237 241 242 243 244 245 249 250 256 257 258 261 262 263 264 269 270 278
69 143 155 156 161 162 163 164 165 166 173 174 175 176 177 178 181 182 183 184 185 186 187 188 189 190 191 192 193 194 195 196 197 198 205 206 207 209 210 212 213 214 222 223 224 225 229 230 233 234 235 236 237 241 242 243 249 250 254 255 256 257 258 261 269 270 275 276 277 278
74 116 117 118 135 136 137 138 154 155 156 161 162 163 164 165 166 173 174 175 176 177 178 181 182 183 184 185 186 187 188 189 190 191 192 193 194 195 196 197 198 205 206 207 209 210 212 213 214 229 230 232 233 234 235 236 237 249 250 252 253 254 255 256 257 258 269 270 272 273 274 275 276 277 278
86 33 34 35 53 54 55 73 74 75 93 94 113 114 115 116 117 118 133 134 135 136 137 138 153 154 155 156 161 162 163 164 165 166 173 174 175 176 177 178 181 182 183 184 185 186 187 188 189 190 191 192 193 194 195 196 197 198 205 206 207 209 210 212 213 214 229 232 233 234 235 236 237 252 253 254 255 256 257 258 272 273 274 275 276 277 278
90 32 33 34 35 36 52 53 54 55 72 73 74 75 92 93 94 112 113 114 115 116 117 118 133 134 135 136 137 138 153 154 155 156 161 162 163 164 165 166 173 174 175 176 177 178 181 182 183 184 185 186 187 188 189 190 191 192 193 194 195 196 197 198 205 206 207 209 210 212 213 214 232 233 234 235 236 252 253 254 255 256 257 258 272 273 274 275 276 277 278
85 32 33 34 35 52 53 54 55 72 73 74 75 92 93 94 112 113 114 115 116 117 118 133 134 135 136 137 138 153 154 155 156 161 162 163 164 165 166 173 174 175 176 177 178 181 182 183 184 185 186 187 188 189 190 191 192 193 194 195 196 197 198 205 206 207 209 210 212 213 214 232 233 234 235 252 253 254 255 256 272 273 274 275 276 277
75 32 33 34 52 53 54 72 73 74 92 93 94 112 113 114 115 116 117 118 133 134 135 136 137 153 154 155 156 161 162 163 164 165 166 173 174 175 176 177 178 181 182 183 184 185 186 187 188 189 190 191 192 193 194 195 196 197 198 205 206 207 209 210 212 213 214 232 233 234 252 253 254 272 273 274
69 32 33 34 52 53 54 72 73 74 92 93 94 111 112 113 114 115 116 117 133 134 135 136 137 153 154 155 156 161 162 163 164 165 166 173 174 175 176 177 178 181 182 183 184 185 186 187 188 189 190 191 192 193 194 195 196 197 198 205 206 207 209 210 212 213 214 232 233 252
64 32 33 52 53 54 72 73 74 92 93 94 111 112 113 114 115 116 133 134 135 136 153 154 155 156 161 162 163 164 165 166 173 174 175 176 177 178 181 182 183 184 185 186 187 188 189 190 191 192 193 194 195 196 197 198 205 206 207 209 210 212 213 214 232
61 32 33 52 53 72 73 74 92 93 94 111 112 113 114 115 133 134 135 136 153 154 155 156 161 162 163 164 165 166 173 174 175 176 177 178 181 182 183 184 185 186 187 188 189 190 191 192 193 194 195 196 197 198 205 206 207 209 210 212 213 214
0
0
0
0
0
0
85 24 25 26 27 44 45 46 47 64 65 66 67 85 86 87 101 102 103 104 105 106 107 122 123 124 125 126 143 144 145 146 161 162 163 164 165 166 173 174 175 176 177 178 181 182 183 184 185 186 187 188 189 190 191 192 193 194 195 196 197 198 205 206 207 221 222 223 224 225 226 227 241 242 243 244 245 246 247 261 262 263 264 265 266 267
86 24 25 26 27 44 45 46 47 64 65 66 67 85 86 87 101 102 103 104 105 106 107 121 122 123 124 125 126 143 144 145 146 161 162 163 164 165 166 173 174 175 176 177 178 181 182 183 184 185 186 187 188 189 190 191 192 193 194 195 196 197 198 205 206 207 221 222 223 224 225 226 227 241 242 243 244 245 246 247 261 262 263 264 265 266 267
82 23 24 25 26 44 45 46 64 65 66 85 86 101 102 103 104 105 106 121 122 123 124 125 126 143 144 145 146 161 162 163 164 165 166 173 174 175 176 177 178 181 182 183 184 185 186 187 188 189 190 191 192 193 194 195 196 197 198 205 206 207 221 222 223 224 225 226 227 241 242 243 244 245 246 247 261 262 263 264 265 266 267
0
41 143 155 156 161 162 163 164 165 166 173 174 175 176 177 178 181 182 183 184 185 186 187 188 189 190 191 192 193 194 195 196 197 198 209 210 229 230 249 250 269 270
41 143 144 156 161 162 163 164 165 166 173 174 175 176 177 178 181 182 183 184 185 186 187 188 189 190 191 192 193 194 195 196 197 198 209 210 229 230 249 250 269 270
0
82 33 34 35 36 53 54 55 73 74 75 93 94 113 114 115 116 117 118 133 134 135 136 137 138 153 154 155 156 161 162 163 164 165 166 173 174 175 176 177 178 181 182 183 184 185 186 187 188 189 190 191 192 193 194 195 196 197 198 212 213 214 232 233 234 235 236 237 238 252 253 254 255 256 257 258 272 273 274 275 276 277 278
86 32 33 34 35 52 53 54 55 72 73 74 75 92 93 94 112 113 114 115 116 117 118 133 134 135 136 137 138 153 154 155 156 161 162 163 164 165 166 173 174 175 176 177 178 181 182 183 184 185 186 187 188 189 190 191 192 193 194 195 196 197 198 212 213 214 232 233 234 235 236 237 238 252 253 254 255 256 257 258 272 273 274 275 276 277 278
85 32 33 34 35 52 53 54 55 72 73 74 75 92 93 94 112 113 114 115 116 117 118 133 134 135 136 137 153 154 155 156 161 162 163 164 165 166 173 174 175 176 177 178 181 182 183 184 185 186 187 188 189 190 191 192 193 194 195 196 197 198 212 213 214 232 233 234 235 236 237 238 252 253 254 255 256 257 258 272 273 274 275 276 277 278
0
0
0
0
0
0
24 205 206 207 221 222 223 224 225 226 227 241 242 243 244 245 246 247 261 262 263 264 265 266 267
28 187 188 189 190 205 206 207 221 222 223 224 225 226 227 241 242 243 244 245 246 247 261 262 263 264 265 266 267
29 186 187 188 189 190 205 206 207 221 222 223 224 225 226 227 241 242 243 244 245 246 247 261 262 263 264 265 266 267
51 25 26 27 45 46 47 65 66 67 85 86 87 105 106 107 125 126 145 146 165 166 185 186 187 188 189 190 205 206 207 221 222 223 224 225 226 227 241 242 243 244 245 246 247 261 262 263 264 265 266 267
66 24 25 26 27 44 45 46 47 64 65 66 67 85 86 87 101 102 103 104 105 106 107 122 123 124 125 126 143 144 145 146 163 164 165 166 184 185 186 187 188 189 190 205 206 207 221 222 223 224 225 226 227 241 242 243 244 245 246 247 261 262 263 264 265 266 267
68 24 25 26 27 44 45 46 47 64 65 66 67 85 86 87 101 102 103 104 105 106 107 122 123 124 125 126 143 144 145 146 161 162 163 164 165 166 183 184 185 186 187 188 189 205 206 207 221 222 223 224 225 226 227 241 242 243 244 245 246 247 261 262 263 264 265 266 267
65 23 24 25 26 44 45 46 64 65 66 85 86 101 102 103 104 105 106 121 122 123 124 125 126 143 144 145 146 161 162 163 164 165 166 182 183 184 185 186 187 188 205 206 207 221 222 223 224 225 226 227 241 242 243 244 245 246 247 261 262 263 264 265 266 267
0
13 188 189 190 191 192 209 210 229 230 249 250 269 270
13 187 188 189 190 191 209 210 229 230 249 250 269 270
0
65 33 34 35 36 53 54 55 73 74 75 93 94 113 114 115 116 117 118 133 134 135 136 137 138 153 154 155 156 173 174 175 176 177 178 191 192 193 194 195 196 197 212 213 214 232 233 234 235 236 237 238 252 253 254 255 256 257 258 272 273 274 275 276 277 278
68 32 33 34 35 52 53 54 55 72 73 74 75 92 93 94 112 113 114 115 116 117 118 133 134 135 136 137 153 154 155 156 173 174 175 176 177 178 190 191 192 193 194 195 196 212 213 214 232 233 234 235 236 237 238 252 253 254 255 256 257 258 272 273 274 275 276 277 278
66 32 33 34 35 52 53 54 55 72 73 74 75 92 93 94 112 113 114 115 116 117 118 133 134 135 136 137 153 154 155 156 173 174 175 176 189 190 191 192 193 194 195 212 213 214 232 233 234 235 236 237 238 252 253 254 255 256 257 258 272 273 274 275 276 277 278
51 32 33 34 52 53 54 72 73 74 92 93 94 112 113 114 133 134 153 154 173 174 189 190 191 192 193 194 212 213 214 232 233 234 235 236 237 238 252 253 254 255 256 257 258 272 273 274 275 276 277 278
29 189 190 191 192 193 212 213 214 232 233 234 235 236 237 238 252 253 254 255 256 257 258 272 273 274 275 276 277 278
28 189 190 191 192 212 213 214 232 233 234 235 236 237 238 252 253 254 255 256 257 258 272 273 274 275 276 277 278
24 212 213 214 232 233 234 235 236 237 238 252 253 254 255 256 257 258 272 273 274 275 276 277 278
0
0
29 186 187 188 189 190 205 206 207 221 222 223 224 225 226 227 241 242 243 244 245 246 247 261 262 263 264 265 266 267
29 186 187 188 189 190 205 206 207 221 222 223 224 225 226 227 241 242 243 244 245 246 247 261 262 263 264 265 266 267
32 146 166 185 186 187 188 189 190 205 206 207 221 222 223 224 225 226 227 241 242 243 244 245 246 247 261 262 263 264 265 266 267
50 25 26 27 45 46 47 65 66 67 85 86 87 105 106 107 125 126 145 146 165 166 185 186 187 188 189 205 206 207 221 222 223 224 225 226 227 241 242 243 244 245 246 247 261 262 263 264 265 266 267
62 24 25 26 27 44 45 46 47 64 65 66 67 85 86 87 102 103 104 105 106 107 123 124 125 126 143 144 145 146 164 165 166 184 185 186 187 188 189 205 206 207 221 222 223 224 225 226 227 241 242 243 244 245 246 247 261 262 263 264 265 266 267
64 24 25 26 27 44 45 46 47 64 65 66 67 85 86 87 101 102 103 104 105 106 107 122 123 124 125 126 143 144 145 146 163 164 165 166 184 185 186 187 188 205 206 207 221 222 223 224 225 226 227 241 242 243 244 245 246 247 261 262 263 264 265 266 267
62 23 24 25 26 44 45 46 64 65 66 85 86 101 102 103 104 105 106 122 123 124 125 126 143 144 145 146 162 163 164 165 166 183 184 185 186 187 188 205 206 207 221 222 223 224 225 226 227 241 242 243 244 245 246 247 261 262 263 264 265 266 267
0
12 188 189 190 191 209 210 229 230 249 250 269 270
12 188 189 190 191 209 210 229 230 249 250 269 270
0
62 33 34 35 36 53 54 55 73 74 75 93 94 113 114 115 116 117 118 133 134 135 136 137 153 154 155 156 173 174 175 176 177 191 192 193 194 195 196 212 213 214 232 233 234 235 236 237 238 252 253 254 255 256 257 258 272 273 274 275 276 277 278
64 32 33 34 35 52 53 54 55 72 73 74 75 92 93 94 112 113 114 115 116 117 118 133 134 135 136 137 153 154 155 156 173 174 175 176 191 192 193 194 195 212 213 214 232 233 234 235 236 237 238 252 253 254 255 256 257 258 272 273 274 275 276 277 278
62 32 33 34 35 52 53 54 55 72 73 74 75 92 93 94 112 113 114 115 116 117 133 134 135 136 153 154 155 156 173 174 175 190 191 192 193 194 195 212 213 214 232 233 234 235 236 237 238 252 253 254 255 256 257 258 272 273 274 275 276 277 278
50 32 33 34 52 53 54 72 73 74 92 93 94 112 113 114 133 134 153 154 173 174 190 191 192 193 194 212 213 214 232 233 234 235 236 237 238 252 253 254 255 256 257 258 272 273 274 275 276 277 278
32 153 173 189 190 191 192 193 194 212 213 214 232 233 234 235 236 237 238 252 253 254 255 256 257 258 272 273 274 275 276 277 278
29 189 190 191 192 193 212 213 214 232 233 234 235 236 237 238 252 253 254 255 256 257 258 272 273 274 275 276 277 278
29 189 190 191 192 193 212 213 214 232 233 234 235 236 237 238 252 253 254 255 256 257 258 272 273 274 275 276 277 278
0
0
29 186 187 188 189 190 205 206 207 221 222 223 224 225 226 227 241 242 243 244 245 246 247 261 262 263 264 265 266 267
30 166 185 186 187 188 189 205 206 207 221 222 223 224 225 226 227 241 242 243 244 245 246 247 261 262 263 264 265 266 267
37 47 67 87 106 126 146 165 166 185 186 187 188 189 205 206 207 221 222 223 224 225 226 227 241 242 243 244 245 246 247 261 262 263 264 265 266 267
50 25 26 27 45 46 47 65 66 67 85 86 87 105 106 107 125 126 145 146 165 166 185 186 187 188 189 205 206 207 221 222 223 224 225 226 227 241 242 243 244 245 246 247 261 262 263 264 265 266 267
59 24 25 26 27 44 45 46 47 64 65 66 67 85 86 87 103 104 105 106 107 123 124 125 126 144 145 146 164 165 166 184 185 186 187 188 205 206 207 221 222 223 224 225 226 227 241 242 243 244 245 246 247 261 262 263 264 265 266 267
64 24 25 26 27 44 45 46 47 64 65 66 67 85 86 87 101 102 103 104 105 106 107 122 123 124 125 126 143 144 145 146 163 164 165 166 184 185 186 187 188 205 206 207 221 222 223 224 225 226 227 241 242 243 244 245 246 247 261 262 263 264 265 266 267
59 24 25 26 44 45 46 64 65 66 85 86 101 102 103 104 105 106 122 123 124 125 126 143 144 145 146 163 164 165 166 184 185 186 187 188 205 206 207 221 222 223 224 225 226 227 241 242 243 244 245 246 247 261 262 263 264 265 266 267
0
12 188 189 190 191 209 210 229 230 249 250 269 270
12 188 189 190 191 209 210 229 230 249 250 269 270
0
59 33 34 35 53 54 55 73 74 75 93 94 113 114 115 116 117 118 133 134 135 136 137 153 154 155 156 173 174 175 176 191 192 193 194 195 212 213 214 232 233 234 235 236 237 238 252 253 254 255 256 257 258 272 273 274 275 276 277 278
64 32 33 34 35 52 53 54 55 72 73 74 75 92 93 94 112 113 114 115 116 117 118 133 134 135 136 137 153 154 155 156 173 174 175 176 191 192 193 194 195 212 213 214 232 233 234 235 236 237 238 252 253 254 255 256 257 258 272 273 274 275 276 277 278
59 32 33 34 35 52 53 54 55 72 73 74 75 92 93 94 112 113 114 115 116 133 134 135 136 153 154 155 173 174 175 191 192 193 194 195 212 213 214 232 233 234 235 236 237 238 252 253 254 255 256 257 258 272 273 274 275 276 277 278
50 32 33 34 52 53 54 72 73 74 92 93 94 112 113 114 133 134 153 154 173 174 190 191 192 193 194 212 213 214 232 233 234 235 236 237 238 252 253 254 255 256 257 258 272 273 274 275 276 277 278
37 52 72 92 113 133 153 173 174 190 191 192 193 194 212 213 214 232 233 234 235 236 237 238 252 253 254 255 256 257 258 272 273 274 275 276 277 278
30 173 190 191 192 193 194 212 213 214 232 233 234 235 236 237 238 252 253 254 255 256 257 258 272 273 274 275 276 277 278
29 189 190 191 192 193 212 213 214 232 233 234 235 236 237 238 252 253 254 255 256 257 258 272 273 274 275 276 277 278
0
0
0
0
0
0
0
0
0
0
0
0
0
0
0
0
0
0
0
0
0
